10 27 17
9 1 28 18 15 8 19 23 11 10 4 24
17 2 3 28 9 8
17 28 1 18 3
17 11 23
9 3 17
2 28 1 15 8
23 11 10
1 8 3
16 18 28
15 27 9
2 7 1
22 9 28 12
16 8 13 28 19
1 9 4
16 15 12 4 10 19
4 19 10
15 9 17
28 15 19
9 27 3
15 28 9 19 17
28 1 9 19 4 2
18 17 28
28 1 3 17 9
15 16 17
19 1 28 9 8 15 10
1 28 3
3 4 7 9 28
9 3 1 15 18
8 1 9 11
11 12 24 4
15 3 13 16
19 8 16
8 16 23 28 9 19
23 19 17
28 1 24
3 27 19 8 16 28 1
15 19 10 23
9 28 3 1
28 9 3
8 15 18 13
27 28 9 17
8 1 28
12 1 28 9 17 23 11 10 8 15 18 3
7 21 20
14 24 9
14 12 22 19 23 10 9 28
15 19 9 28
10 11 15
19 9 17 1 28 8 4 2
15 4 2
12 9 3
8 18 15 1 3 9 19
1 16 3
28 1 9 19 8 15
10 11 18 7
17 9 28
4 24 9 22
18 8 15
23 9 8
19 11 9 28 3 27 13
1 28 9 19 4
17 28 1 9
18 15 11
3 1 9
18 16 28 9 8
23 11 4 2
9 12 18 19
15 16 9
19 28 16
8 16 28 9
19 8 9
9 19 23
19 13 27 17
27 22 12 14
19 8 16
28 15 18
27 15 8 19
18 15 28
8 15 18
28 9 4
3 9 2 24
8 23 15
1 9 19 23
28 4 24
28 3 1
19 8 15
8 15 4 9
24 2 4
15 16 28 19 4
15 16 9
4 24 9
3 9 11
27 18 16
18 15 16
19 3 12
1 2 3 6 10 11 17 18 19 20 23 28
28 27 4 3
9 1 28
28 2 9
10 16 28 2 23
8 19 18 27
19 4 24 13 1 28 27
23 19 11 24 10 3
2 4 17
10 11 23
10 11 28 9
27 19 9
28 3 9 17
28 1 3
18 15 8
4 2 9 1
22 18 8 15
13 3 28 9 8
11 26 17 4 8 15
15 27 3 17
13 27 8
13 3 17 9 28
3 28 17 27 9
3 27 10 23 8 19
13 8 23 11 10 16
1 17 3
18 16 28
4 2 15
28 4 2 8
9 3 1
24 19 8 15 28 9 1
19 9 8 1
9 1 19 15
19 15 18
1 2 11 23
1 23 11 10 2
17 3 28 19
11 10 3
28 1 18 15 9
8 3 13 1
19 15 28 1 9
19 22 8
11 10 19
8 19 23 11
9 28 4 24
9 16 8 15 28 19
16 28 1 17 19 11 23 10 4
18 15 12 8
1 28 9 2 4 10 11
10 1 8 11 9
1 2 4 28 9 19
9 28 16 15 18 8
8 19 17 27 13
2 11 23
18 9 24
1 28 18
15 16 8 9 17 28 1 12
15 28 17
9 28 15
9 28 17
3 9 17 15
18 1 3
16 26 1 18 20
18 15 23 19 8 9
8 15 18
27 9 16 15
27 13 17 15
17 3 28
28 3 27
8 9 4
20 4 22
3 1 9 19 10
27 17 28 9
18 19 3
9 23 11 10
28 9 19
9 19 18
9 28 15
18 16 28
9 28 15 16 3
3 1 15
19 16 18 23 11 9 8
11 23 15 16 28 9
9 23 4 2
3 27 19 11
19 23 4 24
19 9 28 1
4 2 19
3 17 27
28 12 13
8 9 1 28
9 3 22
28 1 3 9 2 4 11 10 8
10 9 3
1 28 9 8
8 4 24
19 9 28 8 16 1 11 2 4 23 10 15
1 28 17 3
23 11 9 3
3 17 2 1 28
28 1 8
27 3 11 23
3 27 19
9 3 1
9 17 20
1 3 15 16
2 16 10
16 28 1 3 17
4 24 8
15 19 8
9 18 28 17 19 3
23 19 9 17 28 3 10 11
17 28 1
8 16 28 9 17 3 27
4 9 1 17
23 2 28
17 9 4
2 9 17
28 8 15 16
15 19 27
13 15 8 27
8 15 18 28 9 4
23 17 9 28 1 4 2
18 19 3
1 28 9 19 3 15 18
4 18 1
1 9 28 15
15 12 19 9
3 28 9 12
9 13 12 20
9 27 3 28
18 1 15
17 18 9 28
4 28 9
9 16 15
1 2 28
15 19 10 8 9
28 4 24 8
7 4 23 3
23 10 12
12 18 15
12 1 28 3
23 11 10
28 16 8 27 1 18
4 2 9 28 1 12 18 15 16
1 23 10 11 17
28 1 18 9
8 16 28 9 17 3 27
18 19 3
19 28 8
9 1 7
8 15 16
1 4 24
18 15 7
3 9 8
8 22 1 28 9
18 28 9 23
9 1 17 19
8 19 4
23 28 2 9
9 8 1
28 1 15 19 8
9 28 1
3 28 15 16
19 15 22
28 1 18
28 15 27
9 1 28
15 18 28 9 3
15 9 26 17
10 11 27
2 4 11 23 10
15 28 1 19
19 4 2 24 7 3 17
28 1 18 16 8
1 15 8 19
8 19 9 28
28 1 3
23 10 11 4 2
3 28 9
3 9 23
19 8 3
9 3 19
4 9 28 18
9 28 3
12 18 16 28 3 8
19 23 3
28 1 9 27
15 8 19
1 15 8
16 28 1 9 8
8 9 28 16
15 9 23
1 9 3
15 18 22 28 9 4
2 4 9 15
8 9 17 15 16
9 28 4 3 8
3 17 27 9
15 8 16 9
9 4 2
8 9 11
1 9 28 15 3
4 11 7 24 8 18
19 9 28
28 19 10
23 11 10 19 8
8 28 1
9 8 17 28 16
1 28 9
9 17 3 12 1 18 27 10 11
9 18 15 16 8 28
9 28 1
23 10 28 9 17 2 1
19 10 9 28 8 3 17 1
28 1 9 3
19 8 15 18 22
15 16 9
9 1 3
28 9 8
27 28 9
1 9 19
15 28 1 16 9 11 8
9 28 18 1
9 1 18 8
9 1 28 15 18 8
8 15 12
1 3 15 9
1 15 28
1 9 15
8 18 1 3 28 23 4 24 2 19
19 15 12 1
4 9 28
28 9 23 3 19
15 9 17 4 2 10 11
28 1 16
11 8 1 2 16
9 28 19 1 8 15
4 2 9 19
8 17 28 4 19
1 3 9
3 8 15 1
2 4 10 8
9 28 1 3
9 16 19 11 10
2 4 11 10
9 18 15
8 19 28
4 27 24
3 8 28
17 3 19
28 8 19
9 4 2
23 1 18 2 10 4
24 3 4
15 27 8 12 1 28 23 19 9 10
19 1 8
9 8 28 16 15 19
8 16 28 1
19 9 17 8 16
19 8 9 28 16 15
15 4 19
28 9 4 2
9 4 2
10 11 19
22 28 15
17 28 1 9 11
18 1 9
23 10 11 19
23 11 10 8 16
3 8 27
4 9 3
9 15 18
28 9 27
28 14 1
7 17 9
9 28 8
28 1 3 15 16 19
4 2 9 28 8 15
1 28 8 9
11 28 1 9 17 8
3 10 11 1 9
9 17 19
19 8 16 28 1 9
11 10 19 16
13 8 9 28 4 2
1 8 10 28 18
8 10 4 28 1
8 1 28
10 2 4 1 8
18 28 4 8 3 10
1 28 9
1 3 24
19 8 9 28
1 28 18
18 15 12 19
28 17 9
9 28 1
1 18 19
11 10 15 4 18
1 28 3 9 17 11 2 19
11 9 28 17
1 28 9 2
9 3 17 16
1 28 9 15
9 28 8
10 11 4 28 17 1
24 7 17 12
3 17 9
13 8 1
9 28 8 23
9 17 28
2 24 4
1 28 9 19 8 15 16
3 28 16
1 28 9 19 23 10 11 8 16 15 18 4 24
9 28 16
8 15 9 19 21
8 16 28
28 18 15
28 1 3
3 13 8
2 4 23
11 10 23
8 15 17
18 2 7 8 19 16 15 9
28 1 8
3 28 16 15
14 12 18 16 1
18 15 16 28 9 3 27 13
11 10 2
1 28 9
16 15 18
20 22 19
24 19 8
13 8 19
28 11 10
28 9 4
9 17 3 15
3 1 4 15
17 9 28 4
9 27 8
1 4 2
28 1 14 16 15
3 13 18
9 27 28 19
1 28 9
22 18 1 16 28 9 17 19 23
15 9 3 27 28 18
1 28 9 4 2 7
19 11 10 8 22 18 15
19 9 17 28 4 2 8 15
16 1 23 10
9 28 15 18
9 16 18
17 9 1
13 27 3
17 9 16 15
9 15 16
9 28 27
13 27 3
17 9 8
9 28 15 12
8 15 22
17 9 28
27 3 17 14
9 16 15
17 9 15
16 3 4 15
28 8 15 18 12
17 9 28 1 12
27 8 15
28 8 15 16
8 19 15 16
15 16 9 27
9 15 18 14
9 15 22
27 9 22
17 9 28 1 12 14
17 9 28 3
19 8 15
9 12 14
8 19 18
17 9 28 16
15 16 8
23 10 11 15 8 22
9 12 1
9 15 18
8 28 16 19 23 11 4
8 11 17 1 3
18 27 28
1 28 9
28 1 3
8 9 28 16 1 17 4 2 3 19
19 17 9 8 28
9 17 28 3 15 8 19
9 19 14
19 23 13 3 15 14 18
3 12 28 17
12 3 13
24 8 15 23 4 3
3 15 16 9
9 28 1 12
8 9 16 11
2 24 9 28 16 15 8 19
19 8 15 18 28
1 9 4 2
15 9 28
12 3 19
28 15 8
2 28 9
9 28 19 8 18
17 24 7
8 15 18 17
28 9 19
3 4 7 23 10 11
9 4 2 8 18
8 16 15
8 15 28 1 9
16 4 2 17 9 1
10 11 23
19 9 28 1 4 2 23
1 28 2 4 23
1 11 15 18
9 3 28
23 11 19 4 2
1 24 7
12 1 28 9 8 15 18
1 17 9
28 9 19 23 11 10 7 2 16 15
19 28 1
9 28 3 15
10 23 11
23 10 11
8 19 1
1 9 12
23 3 28 1 9 4
1 16 8 28
28 8 16
8 16 19 15 28
10 11 23 19 9 17 3
18 15 8 1 28 4 2 19
7 23 11 15
9 17 28 8 10
27 9 1 16 8 15 28 19 10 2 4 11 23
10 11 4 2 28 1 16 8 18
10 19 9
28 1 18 9
17 9 10
18 28 9 4 10 3
28 9 17 3 27 15 22 18
10 23 13
28 27 3
7 9 15 8 19
1 28 9 4 23 19 2 17 18
17 27 28 1 16 3 4
9 28 1 15
27 22 19 28 9
15 19 9 28 1
19 23 11
28 1 9 17 19 16 3 13
12 9 27 13 3 19 17
27 23 10
28 1 9 8 4 19
1 28 2 15
18 17 24 4 19
15 8 9
24 4 11 23
1 28 3 9 23 11
15 1 28 9
13 9 28
28 3 9
9 1 14
15 9 12
9 23 15
9 19 15
18 17 15 3
3 19 18
4 24 9 18
24 4 11 23 15
15 28 9
3 9 1 11
11 3 9 10
9 17 3
28 9 17 3
9 7 4 11 23 10
19 23 11 10 28 16 15
28 1 19
4 24 2 19 18 15 8
18 3 4 24 19 8 28 16
28 9 1
12 28 17 9
3 17 15
6 18 28
15 22 16 28 9 1
24 1 8
19 9 27
8 11 12
8 15 16 28 9
28 1 9
4 2 24 23 19 10 11 8
15 8 19
19 8 9 18 15
24 7 2
3 9 28 10
1 9 15
9 28 19
1 28 19
28 17 9
18 28 8 12 1 9
15 9 28
1 15 8 28 19
8 1 12 28 3 27 17 4 2 19
19 8 1 15
15 19 22 8 26 1 28 3 2 10 9 17
15 8 28
18 15 8
12 1 28 9 4
18 26 22
19 8 16
11 9 17
8 11 1 28 3
15 19 28
10 11 4 9 28 1 17
23 19 1
1 28 9 3
28 3 9 17
4 11 24 10
17 3 13 27
8 9 28 1 23 2 4
1 19 8
19 8 16 15 1 9
9 24 20
9 11 10
28 8 16
4 2 24
15 8 4
8 15 1
